887305414042066975
887266270104412230
887397213309906964
887397404201082931
887625700314591262
887792834890047608
887668911414341682
887641438668611584
888402824172544041
888398103621812244
888453788392882228
888454261627846656
888454414128541697
888462780527685632
888463104491536384
888463247206928394
888463874930667610
888464110054957086
888468526292164628
1025101564693721128
1025105691230347334
1025106052297007104
1025107404720980010
1025107925561258104
1025109454200512592
1025110660536864880
1025111054524620941
1025111058043646054
1025111058043646054
1025114022158278726
1025114025882816512
1025118116969197578
1025118122329522306
1025120573724041216
1025120578073546842
